obs	CPR	RQR	YPDR	TCR	lcpr	lrqr	lydr	ltcr
								
1980.1	622669.659	257515.5663	755878.7808	3.18	13.34177141	12.45883545	13.5356363	1.156881197
1980.2	656003.875	264988.7271	752659.1805	3.13	13.39392197	12.48744256	13.53136779	1.141033005
1980.3	685265.248	269365.6128	744801.1919	3.03	13.43756127	12.50382489	13.52087261	1.10856262
1980.4	704087.875	284955.7221	801680.1414	2.97	13.46465845	12.56008909	13.59446498	1.088561953
1981.1	669779.528	287954.7653	817319.0878	2.84	13.41470387	12.57055868	13.61378486	1.043804052
1981.2	705334.53	306438.2334	828371.3701	2.82	13.46642748	12.63277149	13.62721685	1.036736885
1981.3	735406.243	320014.9005	805993.6678	2.84	13.50817834	12.67612284	13.59983117	1.043804052
1981.4	741145.209	332162.2053	856771.1553	2.81	13.51595185	12.7133787	13.66092613	1.033184483
1982.1	700813.644	355151.9576	836780.7488	3.42	13.45999729	12.78030103	13.63731737	1.229640551
1982.2	717005.55	329467.3426	826951.9118	4.03	13.48283886	12.70523252	13.62550182	1.393766376
1982.3	706672.169	317785.5718	795470.4833	4.56	13.46832214	12.66913213	13.58668902	1.517322624
1982.4	698525.88	308598.6386	811759.7252	4.48	13.45672751	12.63979681	13.60695967	1.499623046
1983.1	650790.495	271066.6547	803320.7156	4.87	13.38594305	12.51012003	13.59650931	1.583093937
1983.2	679915.915	258082.1666	789757.8666	4.75	13.42972442	12.46103329	13.57948168	1.558144618
1983.3	687656.408	263054.4816	764276.6787	4.7	13.44104459	12.48011644	13.54668515	1.547562509
1983.4	686710.952	271973.7753	806153.8581	4.62	13.43966874	12.51346093	13.60002989	1.530394705
1984.1	670203.522	269164.9579	830479.7667	4.34	13.41533671	12.5030797	13.62975884	1.467874348
1984.2	692880.841	268942.425	812778.6056	4.19	13.44861332	12.5022526	13.60821403	1.432700734
1984.3	715406.142	273121.7547	800589.6567	4.14	13.48060569	12.51767296	13.59310381	1.420695788
1984.4	703133.583	285797.5431	830100.9666	4.04	13.46330217	12.56303895	13.62930262	1.396244692
1985.1	691959.753	278633.7709	845409.5332	3.77	13.44728307	12.53765355	13.64757644	1.327075001
1985.2	721202.526	278999.0831	845054.235	3.79	13.48867527	12.53896377	13.64715609	1.332366019
1985.3	731260.485	281378.3558	813892.5822	4.34	13.50252502	12.5474555	13.60958367	1.467874348
1985.4	721416.782	274409.3063	849840.1059	4.65	13.48897231	12.52237609	13.6528035	1.53686722
1986.1	688204.521	258467.5534	820628.5409	4.89	13.44184134	12.46252545	13.61782584	1.587192303
1986.2	716682.988	257031.2334	840400.9479	5.17	13.48238889	12.45695289	13.64163438	1.642872689
1986.3	707108.338	256113.8065	772418.2513	5.54	13.46893917	12.45337718	13.55728146	1.711994501
1986.4	692840.293	269506.4096	813479.1656	5.81	13.44855479	12.50434745	13.60907559	1.759580571
1987.1	657738.851	277360.1264	812856.2824	5.78	13.39656325	12.53307204	13.6083096	1.754403683
1987.2	708041.309	283744.8635	843850.1319	5.68	13.47025772	12.55583075	13.64573019	1.736951233
1987.3	719141.012	287041.0167	796120.5702	5.43	13.48581274	12.5673804	13.58750592	1.691939134
1987.4	724679.621	280684.3602	855320.5995	5.2	13.49348493	12.54498604	13.65923165	1.648658626
1988.1	672262.518	252680.1044	834575.8001	4.78	13.4184042	12.43987956	13.63467885	1.564440547
1988.2	710845.6	267613.2147	854046.801	4.41	13.47421053	12.49729799	13.65774127	1.483874689
1988.3	716630.2	263132.2417	799259.3866	4.27	13.48231523	12.480412	13.59144081	1.451613827
1988.4	746074.194	281594.1675	867946.6515	4.19	13.52258033	12.54822219	13.67388553	1.432700734
1989.1	714711.791	293541.0119	859009.4307	4.09	13.47963465	12.58977264	13.66353518	1.40854497
1989.2	773052.669	310033.0026	894196.1323	4.15	13.55810246	12.64443403	13.70368042	1.423108334
1989.3	784973.793	333738.5261	843125.2565	4.2	13.57340561	12.71811311	13.64487081	1.435084525
1989.4	780341.211	354932.4135	896285.0834	4.21	13.56748655	12.77968267	13.70601381	1.437462648
1990.1	754406.265	352161.9715	892604.4654	4.03	13.53368631	12.7718465	13.70189883	1.393766376
1990.2	808002.71	369719.2645	934981.0526	3.99	13.60232069	12.82049925	13.74828154	1.383791231
1990.3	838931.119	381995.3793	889889.0687	3.95	13.63988388	12.85316379	13.69885209	1.373715579
1990.4	848004.002	404554.6391	962589.1558	3.88	13.65064063	12.91054208	13.77738197	1.355835154
1991.1	783901.985	409329.3274	933329.4478	3.69	13.57203927	12.92227531	13.74651352	1.305626458
1991.2	852071.388	430837.7086	981820.3051	3.63	13.65542559	12.97348675	13.79716358	1.289232648
1991.3	867844.26	437701.248	918277.5051	3.61	13.67376755	12.98929187	13.73025492	1.283707772
1991.4	897554.91	450445.5528	1000744.023	3.51	13.70742958	13.01799249	13.8162543	1.255616037
1992.1	818616.79	443679.2705	975988.9575	3.35	13.61537135	13.00285722	13.79120655	1.208960346
1992.2	893219.89	447532.6962	1007555.114	3.32	13.70258807	13.01150488	13.82303728	1.199964783
1992.3	906955.063	451118.8453	958306.3935	3.28	13.71784818	13.0194861	13.77292283	1.187843422
1992.4	941726.357	472486.1148	1028607.953	3.25	13.75547002	13.06576364	13.84371694	1.178654996
1993.1	897029.056	495617.5139	1005263.964	3.16	13.70684353	13.11355977	13.82076072	1.150572028
1993.2	902693.178	516769.0907	1014620.956	3.13	13.71313799	13.15535142	13.83002566	1.141033005
1993.3	895346.608	530718.219	973658.7578	3.1	13.70496619	13.1819865	13.78881617	1.131402111
1993.4	933207.769	553571.9813	1050608.475	3.08	13.74638314	13.22414707	13.86488005	1.124929597
1994.1	918003.59	580689.7076	1027436.875	3.08	13.72995658	13.27197183	13.84257779	1.124929597
1994.2	956209.543	578320.0038	1070252.809	3.22	13.77073236	13.26788263	13.88340545	1.16938136
1994.3	939831.541	589366.3154	1018217.475	3.25	13.75345593	13.2868032	13.83356408	1.178654996
1994.4	988635.469	626517.0803	1104245.551	3.4	13.80408096	13.34793132	13.9146729	1.223775432
1995.1	887916.137	607586.6585	1018323.641	5.18	13.69663258	13.31725009	13.83366834	1.644805056
1995.2	854404.467	517861.1295	967239.393	4.58	13.65815998	13.1574624	13.78220131	1.521698998
1995.3	848686.5	504470.562	932833.1697	4.31	13.65144514	13.13126477	13.74598165	1.460937904
1995.4	897618.761	519514.3664	1023285.446	4.79	13.70750071	13.16064974	13.83852903	1.566530411
1996.1	868736.339	511034.2073	1018860.002	4.54	13.67479495	13.14419181	13.83419492	1.512927012
1996.2	878233.115	509943.5681	1033707.325	4.26	13.68566734	13.14205535	13.84866224	1.44926916
1996.3	875418.453	516108.8982	1002125.759	4.14	13.68245728	13.15407307	13.81763406	1.420695788
1996.4	937754.673	532437.9866	1095428.589	4.11	13.75124365	13.18522171	13.90665625	1.413423029
1997.1	887254.082	548660.1221	1069623.751	3.89	13.69588667	13.21523444	13.88281751	1.358409158
1997.2	950626.441	567997.8565	1123386.295	3.8	13.76487646	13.24987292	13.93185816	1.335001067
1997.3	940579.173	578073.5747	1079927.954	3.67	13.75425111	13.26745643	13.89240489	1.300191662
1997.4	1007977.488	596459.8339	1173175.705	3.69	13.82345639	13.29876718	13.97522491	1.305626458
1998.1	963077.345	594183.2452	1152402.996	3.66	13.777889	13.29494304	13.95735988	1.297463147
1998.2	1005845.532	605807.5784	1171819.866	3.67	13.82133907	13.31431769	13.97406854	1.300191662
1998.3	994129.729	610258.8419	1136266.201	3.9	13.80962299	13.32163848	13.94325818	1.360976553
1998.4	1025672.589	617850.8803	1205113.036	3.95	13.84085914	13.33400241	14.00208393	1.373715579
1999.1	978525.517	618867.0932	1173786.91	3.72	13.79380214	13.33564582	13.97574576	1.313723668
1999.2	1039474.278	633830.0564	1212877.662	3.47	13.85422564	13.35953615	14.00850633	1.244154594
1999.3	1035155.319	655890.139	1188100.018	3.39	13.85006204	13.39374858	13.98786597	1.220829921
1999.4	1099456.946	671967.6059	1271036.377	3.37	13.91032693	13.41796541	14.05534317	1.214912744
2000.1	1058679.418	636787.6504	1259795.937	3.28	13.87253286	13.36419152	14.04646031	1.187843422
2000.2	1128676.872	677733.7703	1303437.601	3.31	13.93655659	13.42650982	14.08051564	1.196948189
2000.3	1125997.712	693186.3877	1273988.76	3.22	13.93418006	13.4490542	14.05766329	1.16938136
2000.4	1170851.25	669718.0203	1329702.069	3.21	13.97324161	13.41461204	14.10046547	1.166270937
2001.1	1126403.572	677853.3132	1289098.022	3.25	13.93454044	13.42668619	14.06945332	1.178654996
2001.2	1172621.63	690784.8967	1306958.486	3.08	13.97475251	13.44558376	14.08321323	1.124929597
2001.3	1143376.782	718270.9068	1256357.834	3.07	13.94949653	13.48460208	14.04372749	1.121677562
2001.4	1186378.063	739957.9571	1311659.866	3.03	13.98641558	13.51434865	14.08680397	1.10856262
2002.1	1106925.631	743661.4976	1265438.744	2.96	13.91709703	13.51934123	14.05092945	1.085189268
2002.2	1205980.83	751074.1062	1335538.816	3.06	14.00280376	13.5292596	14.10484538	1.118414916
2002.3	1164410	781570.9834	1277667	3.260110678	13.96772508	13.56906125	14.06054632	1.181761145
2002.4	1213524	808604.0405	1343183	3.013615	14.00903908	13.60306463	14.11055273	1.103140355
2003.1	1150610	803990.4596	1306291	3.100431	13.95580279	13.59734268	14.08270238	1.131541134
2003.2	1238314	818772.657	1354562	3.397831	14.02926133	13.61556174	14.11898871	1.223137287
2003.3	1200142	854935.0379	1313379	3.349285	13.99795044	13.65878077	14.08811376	1.20874689
2003.4	1257638	913690.9265	1410397	3.131975	14.04474592	13.72524764	14.15938178	1.141663796
